23.234900
23.234900
21.583877
20.743377
24.071121
23.241082
24.073523
19.922916
22.402848
24.901160
24.901160
20.753037
25.724354
17.426175
23.244175
24.904473
21.575265
24.062318
26.563888
19.090889
23.232583
19.087715
20.753727
20.743377
24.071121
19.920928
23.244175
25.724354
20.753037
23.234900
20.745447
22.402848
24.064718
18.255993
26.554172
24.073523
20.753727
19.083907
21.583159
24.894536
19.917616
19.083907
16.596357
24.894536
19.922916
24.904473
21.581005
27.383990
24.894536
19.093429
