23.221319
23.283238
19.844440
23.167520
21.620247
19.791972
19.917310
21.648926
19.917208
21.576950
23.314292
21.367172
21.191828
22.927090
23.102353
21.437913
20.164143
20.457326
19.516618
21.247562
21.409460
20.875750
23.248417
23.848377
18.964329
13.210011
20.263519
21.381134
16.894001
19.345063
19.949289
25.526696
19.144768
16.553448
13.507772
18.076823
19.250559
11.905343 18.908485
11.236976 20.343909
9.639797 17.893085 22.773018
11.514819 15.384664 26.319586
17.681699
14.171740
24.338235
16.790541
16.866938
17.948412
15.636977
14.731003
19.577009
23.898549
23.089744
21.454654
23.044117
25.096881
20.602162
16.525508
14.833553
19.830559
18.473003
13.231478
17.287723
17.895695
22.177875
12.667339
13.536826
