12.622227
9.934239 14.571678 24.890398
15.894986
15.522234
11.828827
20.517037
11.989906
15.776192
19.880008
9.918940 14.898675 24.878411
17.671118
10.274879 14.912318 24.890398
9.465715
17.674177
13.886853
18.933341
14.518074
13.255633
12.306672
15.152657
19.254450
10.274879 16.593599 24.912318
17.038287
14.518074
20.696312
14.416382
18.933341
11.043334
11.615519 16.593599 21.571678
10.719874
15.145144
12.196041
10.274879 16.593599 24.890398
14.518074
17.044923
21.461500
23.351121
10.350223
13.255633
17.373589
11.043334
12.565618
9.934239 14.912318 26.549758
14.046732
15.525335
14.043926
16.097983
21.457787
14.413503
18.307510
20.824573
12.941516
11.615519 14.890398 25.187197
17.044923
15.522234
10.274879 16.593599 21.571678
21.779624
9.599117 14.578852 24.538322
